class_col<- c("Acidimicrobiia"="#771155",
              "Acidobacteriae"="#AA4488",
              "Actinobacteria"="#CC99BB",
              "Alphaproteobacteria"="#114477", 
              "Anaerolineae"="#4477AA",
              "Bacteroidia"="#117744",
              "Bacilli" ="#AA7744",
              "Bdellovibrionia"="#0072B2",
              "Blastocatellia"="#117777",
              "Campylobacteria"="#117777",
              "Chloroflexia"="#88CCAA", 
              "Clostridia"="#77CCCC",
              "Cyanobacteriia"="#00ffff",
              "Desulfuromonadia"="#44AA77",
              "Fusobacteriia"="#44AAAA", 
              "Gammaproteobacteria"="#777711",
              "Gemmatimonadetes"= "#E69F00",
              "Kapabacteria"="#AAAA44",
              "Oligoflexia"="#DDDD77",
              "Phycisphaerae"="#774411", 
              "Proteobacteria_uncl"="#DDAA77",
              "Sericytochromatia"="#DDAA77",
              "Rhodothermia"="#771122",
              "Saccharimonadia"="#AACC45",
              "Verrucomicrobiae"="#AA4455", 
              "Other taxa"="#DD7788")

tol21rainbow<- c("#771155",
                 "#AA4488",
                 "#CC99BB",
                 "#114477", 
                 "#4477AA",
                 "#117744",
                 "#117777",
                 "#88CCAA", 
                 "#77CCCC",
                 "#00ffff",
                 "#44AA77",
                 "#44AAAA", 
                 "#777711",
                 "#AAAA44",
                 "#DDDD77",
                 "#774411", 
                 "#AA7744",
                 "#DDAA77",
                 "#771122",
                 "#AA4455", 
                 "#DD7788")

#define colour palletes
tol24rainbow <- c("#771155" ,
               "#AA4488",
               "#77AADD",
               "#DD1232",
                "#CC1234",
               "#DDAA77",
               "#AAAA44",
               "#FF2222", 
               "#117777",
               "#44AA77",
               "#DD7788",
                "#34ABAA", 
               "#774411",
               "#E69F00",
                "#77CCCC",
               "#117744", 
               "#88CCAA", 
               "#777711",
               "#CC99BB",
               "#0072B2",
               "#AA7744",
               "#DDDD77", 
               "#AACC45",
               "#114477")

# The palette with grey:
cbPalette <- c("#999999", "#E69F00", "#56B4E9", "#009E73", "#F0E442", "#0072B2", "#D55E00", "#CC79A7")

# The palette with black:
cbbPalette <- c("#000000", "#E69F00", "#56B4E9", "#009E73", "#F0E442", "#0072B2", "#D55E00", "#CC79A7")
